1;41
2;41
3;41
4;41
5;41
6;41
7;41
0;0
0;0
8;41
10;41
9;41
10;41
9;41
10;41
9;41
10;41
9;41
10;41
9;41
8;41
7;41
0;0
0;0
6;41
6;41
7;41
6;41
7;41
8;41
7;41
6;41
5;41
4;41
3;41
4;41
5;41
6;41
0;0
0;0
7;41
7;41
8;41
7;41
6;41
5;41
6;41
7;41
8;41
9;41
10;41
10;41
9;41
8;41
7;41
6;41
5;41
4;41
3;41
4;41
5;41
6;41
0;0
0;0
7;41
9;41
8;41
9;41
8;41
7;41
6;41
5;41
4;41
3;41
2;41
3;41
4;41
5;41
0;0
0;0
0;0
0;0
0;0
0;0
0;0
0;0
0;0
0;0
0;0
0;0
6;41
6;41
5;41
6;41
5;41
6;41
5;41
4;41
5;41
4;41
3;41
2;41
0;0
0;0
1;41
1;41
1;41
1;41
1;41
1;41
1;41
2;41
3;41
4;41
0;0
0;0
5;41
7;41
8;41
9;41
10;41
10;41
10;41
10;41
10;41
10;41
10;41
10;41
10;41
10;41
10;41
10;41
10;41
9;41
8;41
7;41
6;41
5;41
6;41
7;41
8;41
9;41
0;0
0;0
10;41
9;41
8;41
7;41
0;0
0;0
6;41
4;41
3;41
2;41
3;41
4;41
5;41
6;41
7;41
6;41
5;41
4;41
3;41
4;41
5;41
6;41
7;41
8;41
7;41
6;41
5;41
4;41
5;41
6;41
5;41
6;41
5;41
6;41
5;41
6;41
5;41
6;41
7;41
8;41
9;41
8;41
7;41
6;41
7;41
8;41
9;41
8;41
7;41
6;41
5;41
0;0
0;0
0;0
0;0
0;0
0;0
0;0
0;0
0;0
0;0
0;0
0;0
0;0
0;0
0;0
4;41
